Project 3 value tables

Input source 1: random number

alpha	     linear    double
-----------------------------
0.5          1.50      1.39
0.6	         1.76      1.52
0.7	         2.20      1.71
0.8	         3.02      2.00
0.9	         5.64      2.56
0.95	     9.83      3.15
0.98	    19.50      4.00
0.99	    41.02      4.68


Input source 2: current time

alpha        linear    double
-----------------------------
0.5          1.0       1.0
0.6          1.0       1.0
0.7          1.0       1.0
0.8          1.0       1.0
0.9          1.0       1.0
0.95         1.0       1.0
0.98         1.0       1.0
0.99         1.0       1.0 


Input source 3: word-list

alpha        linear    double
-----------------------------
0.5          1.59      1.40
0.6	         2.08      1.54
0.7	         3.76      1.72
0.8	         7.43      2.02
0.9	        22.38      2.57 
0.95	   155.21      3.15 
0.98	   375.09      3.96
0.99	   523.73      4.61
